Threads: 28	Elapsed time: 87.570813	Commits: 23428153	Aborts: 197805667	Net_runtime: 0.000000	Net_throughput: -nan	Net_power: -nan	Net_commits: 0	Net_aborts: 0	Net_error: 0.000000	P-state: -1	Best-threads: -1	Steps: 0	Throughput: 267533.806636
Threads: 28	Elapsed time: 85.993185	Commits: 23428153	Aborts: 197372168	Net_runtime: 0.000000	Net_throughput: -nan	Net_power: -nan	Net_commits: 0	Net_aborts: 0	Net_error: 0.000000	P-state: -1	Best-threads: -1	Steps: 0	Throughput: 272441.973026
Threads: 28	Elapsed time: 87.370030	Commits: 23428153	Aborts: 198923715	Net_runtime: 0.000000	Net_throughput: -nan	Net_power: -nan	Net_commits: 0	Net_aborts: 0	Net_error: 0.000000	P-state: -1	Best-threads: -1	Steps: 0	Throughput: 268148.620525
